timestamps:
  login: 1389103856186
  logout: 1389105707407
ipAddress: 212.79.110.67
logoutlocation:
  world: world
  x: -76.52237578485524
  y: 62.0
  z: 230.2138975782964
  yaw: 46.200066
  pitch: 10.350022
lastlocation:
  world: world
  x: -113.0
  y: 64.0
  z: 186.0
  yaw: -0.3
  pitch: -3.75
