timestamps:
  login: 1389883528957
  logout: 1389883558578
ipAddress: 89.103.250.50
lastlocation:
  world: world
  x: 202.5
  y: 64.0
  z: 39.5
  yaw: 0.0
  pitch: 0.0
money: '0.0'
logoutlocation:
  world: spawn
  x: -52.637137104396345
  y: 85.0
  z: -15.319321395274013
  yaw: 3.749237
  pitch: 5.400008
