timestamps:
  login: 1390043753271
  logout: 1390043073140
  lastteleport: 1390043819780
ipAddress: 192.168.15.1
money: '0.0'
logoutlocation:
  world: spawn
  x: -41.633339566807486
  y: 83.0
  z: 4.4402080285250465
  yaw: 271.6496
  pitch: 43.049965
lastlocation:
  world: spawn
  x: -35.30000001192093
  y: 83.0
  z: -13.69517562631518
  yaw: 323.99942
  pitch: 46.500027
