spawns: 
  default: 
    world: spawn
    x: -50.54899014759703
    y: 83.0
    z: 1.720496879127369
    yaw: 355.4994
    pitch: 33.600014
